24 10
0 "Lettuce" 1 2 1 4 4 4 4 4 4 4 4 3 3 3 3 3 3 3 3 4 4 4 4 4 4 4 4 0 0
1 "Chicory" 1 2 1 4 4 4 4 4 4 4 4 3 3 3 3 3 3 3 3 3 3 4 4 4 4 4 4 0 0
2 "Cole" 2 1 1 0 0 0 0 0 0 0 0 0 0 4 4 3 3 3 3 3 3 0 0 0 0 0 0 0 0
3 "Broccoli" 2 2 1 0 0 0 0 0 0 0 0 0 0 0 0 0 0 0 0 6 6 6 6 5 5 5 5 0 0
4 "Cabbage" 2 3 1 0 0 0 0 0 0 0 0 0 0 6 6 5 5 5 5 5 5 6 6 6 6 0 0 0 0
5 "Cauliflower" 2 3 1 0 0 0 0 0 0 0 0 0 0 0 0 0 0 0 0 5 5 5 5 6 6 0 0 0 0 0 0
6 "Beet" 3 1 1 0 0 0 0 0 0 0 0.9 0.9 0.9 0.9 0.9 0.9 0.8 0.8 0.8 0.8 0 0 0 0 0 0 0 0
7 "Spinach" 3 5 2 0 0 0 0 0 0 10 10 10 10 10 10 6 6 6 6 6 6 0 0 0 0 0 0 0 0
8 "Zucchini" 4 6 2 20 20 20 20 20 20 15 15 15 15 15 15 15 15 0 0 0 0 0 0 0 0 15 15 0 0
9 "Cucumber" 4 6 3 15 15 15 15 15 15 20 20 20 20 20 20 20 20 20 20 20 20 15 15 15 15 15 15 0 0 
10 "Fertilisation" 5 2
11 "Jachere" 6 2